1 0 1.0 1e-05
2 0 1.0 1e-09
3 0 1.0 1e-09
4 0 1.0 1e-09
5 0 1.0 1e-09
6 0 1.0 0.00537
7 0 1.0 0.00927
8 0 0.0 0.99093
9 0 0.0 0.99822
10 0 0.0 0.99983
11 0 1.0 1e-09
12 0 1.0 0.05137
13 0 1.0 0.31094
14 0 1.0 0.13134
15 0 0.0 0.9963
16 0 1.0 0.00122
17 0 1.0 0.02927
18 0 1.0 0.00012
19 0 1.0 0.13643
20 0 0.0 0.99991
21 0 1.0 0.00736
22 0 1.0 0.01222
23 0 1.0 0.00041
24 0 1.0 0.00035
25 0 1.0 1e-05
26 0 1.0 0.00036
27 0 1.0 1e-09
28 0 1.0 1e-09
29 0 1.0 1e-09
30 0 1.0 1e-09
31 0 1.0 3e-05
32 0 1.0 0.00037
33 0 1.0 0.00478
34 0 1.0 0.00957
35 0 1.0 0.00048
36 0 1.0 1e-05
37 0 1.0 1e-05
38 0 1.0 0.26476
39 0 0.0 0.99929
40 0 0.0 0.99991
41 0 1.0 2e-05
42 0 1.0 1e-09
43 0 1.0 1e-09
44 0 1.0 0.08202
45 0 1.0 0.00117
46 0 1.0 1e-09
47 0 1.0 0.0002
48 0 1.0 1e-09
49 0 1.0 1e-09
50 0 0.0 0.99996
51 0 1.0 0.07207
52 0 1.0 0.02268
53 0 1.0 0.00683
54 0 1.0 0.00044
55 0 1.0 1e-09
56 0 1.0 0.00072
57 0 1.0 0.00015
58 0 1.0 2e-05
59 0 1.0 0.00763
60 0 1.0 0.03362
61 0 1.0 0.00306
62 0 1.0 0.00143
63 0 1.0 0.00202
64 0 1.0 0.01163
65 0 1.0 0.42671
66 0 1.0 0.00066
67 0 0.0 0.76449
68 0 0.0 0.95414
69 0 0.0 0.99843
70 0 0.0 0.98027
71 0 1.0 5e-05
72 0 1.0 0.00311
73 0 1.0 1e-05
74 0 1.0 1e-09
75 0 1.0 1e-09
76 0 0.0 0.99924
77 1 1.0 0.99999
78 1 1.0 0.99
79 1 1.0 0.99
80 1 1.0 0.99
81 0 1.0 1e-05
82 0 1.0 0.00024
83 0 1.0 1e-09
84 0 1.0 1e-09
85 0 1.0 1e-09
86 0 1.0 1e-09
87 0 1.0 1e-09
88 0 1.0 1e-09
89 0 1.0 1e-09
90 0 1.0 1e-09
91 0 1.0 1e-09
92 0 1.0 1e-09
93 0 1.0 1e-09
94 0 1.0 1e-09
95 0 1.0 1e-05
96 0 1.0 3e-05
97 0 1.0 0.01667
98 0 1.0 8e-05
99 0 1.0 0.00013
100 0 1.0 0.0011
101 0 1.0 0.00139
102 0 1.0 1e-09
103 0 1.0 0.00012
104 0 0.0 0.99988
105 0 0.0 0.99978
106 0 1.0 1e-09
107 0 1.0 1e-09
108 0 1.0 1e-09
109 0 1.0 1e-09
110 0 0.0 0.99464
111 0 0.0 0.95392
112 0 1.0 0.20679
113 0 1.0 0.09871
114 0 1.0 0.11166
115 0 1.0 0.36151
116 0 1.0 1e-05
117 0 1.0 1e-09
118 0 1.0 1e-09
119 0 1.0 1e-09
120 0 1.0 1e-09
121 0 1.0 0.00116
122 0 1.0 0.00015
123 0 1.0 1e-05
124 0 0.0 0.86962
125 0 0.0 0.93946
126 0 1.0 0.00071
127 0 1.0 1e-09
128 0 1.0 1e-09
129 0 1.0 1e-09
130 0 1.0 1e-09
131 0 1.0 4e-05
132 0 1.0 0.00083
133 0 1.0 0.00478
134 0 1.0 0.00103
135 0 1.0 8e-05
136 0 0.0 0.99
137 0 0.0 0.99
138 0 0.0 0.99
139 0 0.0 0.99
140 0 0.0 0.99
141 0 1.0 1e-09
142 0 0.0 0.99384
143 0 1.0 0.28286
144 0 1.0 0.19183
145 0 1.0 0.41751
146 0 1.0 0.00046
147 0 1.0 3e-05
148 0 1.0 1e-09
149 0 1.0 0.00021
150 0 1.0 0.20092
151 0 1.0 0.00036
152 0 1.0 1e-09
153 0 1.0 1e-09
154 0 1.0 1e-09
155 0 1.0 1e-09
156 0 1.0 8e-05
157 0 1.0 1e-09
158 0 1.0 1e-09
159 0 1.0 1e-09
160 0 1.0 0.00021
161 0 1.0 6e-05
162 0 0.0 0.61169
163 0 1.0 0.38387
164 0 0.0 0.67432
165 0 0.0 0.99824
166 0 0.0 0.99833
167 0 0.0 0.99997
168 0 0.0 0.99999
169 0 0.0 0.99996
170 0 0.0 0.99999
171 0 1.0 0.00027
172 0 1.0 1e-09
173 0 1.0 1e-09
174 0 1.0 1e-09
175 0 1.0 1e-09
176 0 1.0 0.00031
177 0 1.0 1e-09
178 0 1.0 1e-09
179 0 1.0 0.04097
180 0 1.0 0.00052
181 0 1.0 1e-05
182 0 1.0 0.26896
183 0 0.0 0.97515
184 0 1.0 0.40668
185 0 0.0 0.77843
186 0 1.0 2e-05
187 0 1.0 3e-05
188 0 1.0 1e-05
189 0 1.0 0.0002
190 0 1.0 1e-09
191 0 1.0 0.00024
192 0 1.0 1e-09
193 0 1.0 0.00061
194 0 1.0 0.03671
195 0 0.0 0.9962
196 0 1.0 1e-09
197 0 1.0 1e-09
198 0 1.0 1e-09
199 0 1.0 1e-09
200 0 1.0 1e-09
201 0 1.0 1e-09
202 0 1.0 0.00071
203 0 0.0 0.99
204 0 0.0 0.99
205 0 0.0 0.99
206 0 1.0 1e-09
207 0 1.0 1e-09
208 0 1.0 1e-09
209 0 1.0 1e-09
210 0 1.0 1e-09
211 0 1.0 0.00017
212 0 1.0 1e-09
213 0 1.0 3e-05
214 0 1.0 1e-09
215 0 1.0 1e-09
216 0 1.0 0.00046
217 0 0.0 0.80024
218 0 0.0 0.99854
219 0 0.0 0.99993
220 0 0.0 0.99998
221 0 1.0 1e-09
222 0 1.0 1e-05
223 0 1.0 1e-09
224 0 1.0 1e-09
225 0 1.0 2e-05
226 0 1.0 8e-05
227 0 1.0 4e-05
228 0 1.0 0.03371
229 0 0.0 0.99
230 0 0.0 0.99
231 0 1.0 1e-09
232 0 1.0 1e-09
233 0 1.0 1e-09
234 0 1.0 1e-09
235 0 1.0 1e-09
236 0 1.0 5e-05
237 0 1.0 1e-09
238 0 1.0 0.00797
239 0 1.0 1e-09
240 0 1.0 0.00036
241 0 1.0 6e-05
242 0 1.0 1e-09
243 0 1.0 1e-09
244 0 1.0 1e-09
245 0 1.0 0.06738
246 0 1.0 0.0013
247 0 1.0 0.00087
248 0 1.0 1e-09
249 0 1.0 1e-09
250 0 1.0 1e-09
251 0 0.0 0.99999
252 0 0.0 0.99
253 0 0.0 0.99
254 0 0.0 0.99
255 0 0.0 0.99
256 0 1.0 4e-05
257 0 1.0 1e-05
258 0 1.0 1e-09
259 0 1.0 1e-09
260 0 1.0 1e-09
261 0 1.0 4e-05
262 0 1.0 0.00012
263 0 1.0 1e-09
264 0 1.0 1e-09
265 0 1.0 0.00871
266 0 1.0 1e-09
267 0 1.0 1e-09
268 0 1.0 1e-09
269 0 1.0 1e-09
270 0 1.0 1e-09
271 0 1.0 4e-05
272 0 1.0 1e-09
273 0 1.0 1e-09
274 0 1.0 1e-09
275 0 1.0 0.00164
276 0 1.0 9e-05
277 0 1.0 0.00149
278 0 1.0 0.00101
279 0 1.0 1e-09
280 0 1.0 1e-09
281 0 1.0 1e-09
282 0 1.0 1e-09
283 0 1.0 1e-09
284 0 1.0 1e-09
285 0 1.0 1e-09
286 0 1.0 1e-09
287 0 1.0 1e-05
288 0 1.0 1e-09
289 0 1.0 0.02779
290 0 0.0 0.99997
291 0 1.0 3e-05
292 0 1.0 1e-09
293 0 1.0 1e-09
294 0 1.0 1e-09
295 0 1.0 1e-09
296 0 1.0 0.06181
297 0 1.0 0.00033
298 0 1.0 0.0071
299 0 1.0 0.00983
300 0 1.0 0.00369
301 0 1.0 1e-09
302 0 1.0 2e-05
303 0 1.0 0.16168
304 0 0.0 0.99
305 0 0.0 0.99
306 0 1.0 0.00016
307 0 1.0 1e-09
308 0 1.0 1e-09
309 0 0.0 0.99783
310 0 0.0 0.99999
311 0 1.0 1e-09
312 0 1.0 1e-09
313 0 1.0 1e-09
314 0 1.0 1e-05
315 0 0.0 0.99999
316 0 1.0 1e-05
317 0 1.0 0.00019
318 0 1.0 0.00027
319 0 1.0 7e-05
320 0 1.0 3e-05
321 0 1.0 1e-05
322 0 1.0 0.23935
323 0 1.0 0.03671
324 0 1.0 0.20527
325 0 1.0 0.00055
326 0 1.0 0.0017
327 0 1.0 3e-05
328 0 1.0 0.00018
329 0 1.0 0.44656
330 0 0.0 0.99884
331 0 1.0 1e-05
332 0 1.0 1e-09
333 0 1.0 1e-05
334 0 1.0 0.00017
335 0 1.0 0.00035
336 0 1.0 5e-05
337 0 1.0 1e-09
338 0 1.0 1e-09
339 0 1.0 1e-09
340 0 0.0 0.69666
341 0 1.0 2e-05
342 0 1.0 1e-09
343 0 1.0 4e-05
344 0 1.0 1e-09
345 0 1.0 0.00031
346 0 1.0 2e-05
347 0 1.0 0.00151
348 0 1.0 0.00028
349 0 1.0 0.00359
350 0 0.0 0.94836
351 0 1.0 0.00446
352 0 1.0 0.001
353 0 1.0 7e-05
354 0 1.0 0.15087
355 0 0.0 0.983
356 0 1.0 1e-05
357 0 1.0 1e-09
358 0 1.0 1e-09
359 0 1.0 1e-09
360 0 1.0 1e-09
361 0 0.0 0.73601
362 0 1.0 0.07294
363 0 1.0 0.03505
364 0 1.0 0.00169
365 0 1.0 0.02624
366 0 1.0 0.00618
367 0 1.0 0.00115
368 0 1.0 0.00679
369 0 0.0 0.57368
370 0 1.0 0.00874
371 0 1.0 0.00021
372 0 1.0 3e-05
373 0 1.0 1e-09
374 0 1.0 9e-05
375 0 1.0 0.03447
376 0 1.0 0.17671
377 0 1.0 0.0001
378 0 1.0 0.00904
379 0 1.0 0.02698
380 0 0.0 0.99998
381 0 1.0 0.00182
382 0 0.0 0.94125
383 0 1.0 0.02479
384 0 1.0 0.00665
385 0 1.0 0.00051
386 0 1.0 1e-05
387 0 1.0 0.13603
388 0 1.0 0.00107
389 0 0.0 0.99668
390 0 0.0 0.99977
391 0 1.0 1e-09
392 0 1.0 1e-09
393 0 1.0 1e-09
394 0 1.0 1e-09
395 0 1.0 1e-09
396 0 1.0 0.00161
397 0 1.0 0.00654
398 0 1.0 0.00035
399 0 1.0 0.00036
400 0 1.0 2e-05
401 0 1.0 0.11128
402 0 0.0 0.77593
403 0 1.0 0.21999
404 0 1.0 0.25377
405 0 1.0 0.1209
406 0 1.0 0.00201
407 0 1.0 5e-05
408 0 1.0 0.38392
409 0 0.0 0.99792
410 0 0.0 0.99992
411 0 0.0 0.99997
412 0 0.0 0.99995
413 0 0.0 0.99
414 0 0.0 0.99
415 0 0.0 0.99
416 0 1.0 1e-09
417 0 1.0 1e-09
418 0 1.0 1e-09
419 0 1.0 1e-09
420 0 1.0 0.00152
421 0 1.0 0.0021
422 0 1.0 0.00057
423 0 1.0 0.00015
424 0 1.0 0.00389
425 0 1.0 0.00583
426 0 1.0 1e-05
427 0 1.0 1e-09
428 0 1.0 1e-09
429 0 1.0 3e-05
430 0 1.0 2e-05
431 0 1.0 0.0018
432 0 1.0 0.00049
433 0 1.0 0.06531
434 0 0.0 0.68229
435 0 0.0 0.87488
436 0 1.0 1e-05
437 0 1.0 1e-09
438 0 1.0 1e-09
439 0 1.0 1e-09
440 0 1.0 1e-09
441 0 0.0 0.99
442 0 0.0 0.99
443 0 0.0 0.99
444 0 0.0 0.99
445 0 0.0 0.99
446 0 1.0 0.01421
447 0 1.0 0.00018
448 0 1.0 0.03741
449 0 1.0 0.39912
450 0 1.0 0.39595
451 0 1.0 2e-05
452 0 1.0 1e-09
453 0 1.0 1e-09
454 0 1.0 1e-09
455 0 1.0 1e-09
456 0 1.0 0.06718
457 0 0.0 0.77172
458 0 0.0 0.99287
459 0 0.0 0.91413
460 0 0.0 0.95177
461 0 1.0 0.00043
462 0 0.0 0.60572
463 0 1.0 0.01704
464 0 1.0 0.25069
465 0 0.0 0.66785
466 0 1.0 0.0007
467 0 1.0 1e-09
468 0 1.0 1e-09
469 0 1.0 0.00127
470 0 1.0 0.08865
471 0 1.0 2e-05
472 0 1.0 0.0144
473 0 1.0 1e-09
474 0 1.0 8e-05
475 0 1.0 2e-05
476 0 1.0 0.14477
477 0 1.0 0.21857
478 0 0.0 0.8165
479 0 0.0 0.9985
480 0 0.0 0.99794
481 0 1.0 2e-05
482 0 1.0 3e-05
483 0 1.0 1e-09
484 0 1.0 1e-09
485 0 1.0 1e-09
486 0 1.0 1e-05
487 0 0.0 0.99
488 0 0.0 0.99
489 0 0.0 0.99
490 0 0.0 0.99
491 0 1.0 1e-05
492 0 1.0 1e-09
493 0 1.0 1e-09
494 0 1.0 1e-09
495 0 1.0 1e-09
496 0 1.0 0.00103
497 0 1.0 7e-05
498 0 1.0 1e-09
499 0 1.0 0.00072
500 0 1.0 1e-09
501 0 1.0 1e-09
502 0 1.0 0.00295
503 0 1.0 1e-09
504 0 1.0 0.00029
505 0 1.0 0.00274
506 0 1.0 1e-05
507 0 1.0 1e-09
508 0 1.0 1e-09
509 0 1.0 1e-09
510 0 1.0 4e-05
511 0 1.0 5e-05
512 0 1.0 1e-09
513 0 1.0 1e-09
514 0 1.0 1e-09
515 0 1.0 1e-09
516 0 1.0 0.0217
517 0 1.0 0.08196
518 0 1.0 0.30837
519 0 1.0 0.07853
520 0 1.0 0.13663
521 0 1.0 1e-05
522 0 1.0 0.20527
523 0 1.0 0.00365
524 0 1.0 9e-05
525 0 1.0 1e-09
526 0 1.0 2e-05
527 1 0.0 1e-09
528 1 0.0 1e-09
529 1 0.0 1e-09
530 1 0.0 0.00028
531 0 1.0 1e-09
532 0 1.0 0.00201
533 0 1.0 0.01069
534 0 0.0 0.99
535 0 0.0 0.99
536 0 1.0 0.00011
537 0 1.0 0.00025
538 0 1.0 4e-05
539 0 1.0 0.00014
540 0 1.0 0.01536
541 0 1.0 0.00275
542 1 0.0 0.41724
543 1 1.0 0.99968
544 1 1.0 0.99999
545 1 1.0 0.99997
546 0 1.0 0.00133
547 0 1.0 0.00201
548 0 0.0 0.90258
549 0 0.0 0.92271
550 0 0.0 0.96385
551 0 1.0 1e-05
552 0 1.0 0.0389
553 0 1.0 0.01307
554 0 1.0 0.0182
555 0 1.0 0.00405
556 0 1.0 1e-05
557 0 1.0 1e-09
558 0 1.0 1e-09
559 0 1.0 1e-09
560 0 1.0 1e-09
561 0 1.0 1e-05
562 0 1.0 1e-09
563 0 0.0 0.99277
564 0 0.0 0.96265
565 0 0.0 0.92015
566 0 1.0 1e-09
567 0 1.0 1e-09
568 0 1.0 0.01836
569 0 1.0 0.02553
570 0 0.0 0.87107
571 0 1.0 9e-05
572 0 1.0 1e-09
573 0 1.0 1e-09
574 0 1.0 1e-09
575 0 1.0 1e-09
576 0 1.0 1e-09
577 0 1.0 0.00017
578 0 1.0 1e-09
579 0 1.0 1e-09
580 0 0.0 0.99874
581 0 1.0 0.00025
582 0 1.0 1e-05
583 0 1.0 1e-09
584 0 1.0 5e-05
585 0 1.0 1e-09
586 0 1.0 1e-09
587 0 1.0 3e-05
588 0 1.0 1e-09
589 0 1.0 1e-09
590 0 1.0 1e-09
591 0 1.0 0.0078
592 0 0.0 0.99998
593 0 0.0 0.99999
594 0 0.0 0.99
595 0 0.0 0.99
596 0 1.0 0.00191
597 0 0.0 0.99999
598 0 0.0 0.99999
599 0 0.0 0.99
600 0 0.0 0.99
601 0 1.0 0.00041
602 0 1.0 0.00073
603 0 1.0 0.06228
604 0 1.0 0.04088
605 0 0.0 0.62254
606 0 1.0 0.24185
607 0 1.0 0.00027
608 0 1.0 0.00244
609 0 0.0 0.99
610 0 0.0 0.99
611 0 1.0 3e-05
612 0 1.0 0.10674
613 0 0.0 0.67431
614 0 0.0 0.98874
615 0 0.0 0.99926
616 0 0.0 0.98285
617 0 0.0 0.79135
618 0 0.0 0.88296
619 0 0.0 0.93422
620 0 0.0 0.97471
621 0 1.0 0.14964
622 0 1.0 0.09816
623 0 1.0 0.0263
624 0 1.0 0.32546
625 0 1.0 0.38712
626 0 1.0 2e-05
627 0 0.0 0.99
628 0 0.0 0.99
629 0 0.0 0.99
630 0 0.0 0.99
631 0 1.0 1e-09
632 0 1.0 1e-09
633 0 0.0 0.76796
634 0 0.0 0.98341
635 0 0.0 0.99999
636 0 1.0 1e-09
637 0 1.0 0.00103
638 0 1.0 1e-09
639 0 1.0 1e-09
640 0 0.0 0.85716
641 0 1.0 0.00022
642 0 1.0 1e-09
643 0 1.0 1e-09
644 0 1.0 1e-09
645 0 1.0 1e-09
646 0 1.0 4e-05
647 0 0.0 0.98454
648 0 1.0 0.39934
649 0 1.0 0.47577
650 0 1.0 0.36865
651 0 0.0 0.99879
652 0 0.0 0.99984
653 0 0.0 0.99993
654 0 0.0 0.99998
655 0 0.0 0.99
656 0 1.0 0.00458
657 0 1.0 0.15937
658 0 0.0 0.79708
659 0 0.0 0.95302
660 0 0.0 0.95882
661 0 1.0 0.05406
662 0 1.0 0.00098
663 0 1.0 0.00604
664 0 0.0 0.7583
665 0 1.0 0.03822
666 0 1.0 4e-05
667 0 1.0 1e-05
668 0 1.0 0.00016
669 0 1.0 3e-05
670 0 1.0 1e-09
671 0 1.0 1e-05
672 0 1.0 1e-09
673 0 1.0 3e-05
674 0 1.0 0.01719
675 0 0.0 0.94563
676 0 1.0 1e-05
677 0 1.0 1e-09
678 0 1.0 1e-09
679 0 1.0 1e-09
680 0 1.0 1e-09
681 0 1.0 2e-05
682 0 1.0 1e-05
683 0 1.0 0.00164
684 0 1.0 0.00112
685 0 1.0 0.00021
686 0 0.0 0.96786
687 0 0.0 0.9998
688 0 0.0 0.99995
689 0 0.0 0.99999
690 0 0.0 0.99999
691 0 1.0 3e-05
692 0 1.0 0.00039
693 0 1.0 2e-05
694 0 0.0 0.99843
695 0 0.0 0.99
696 0 1.0 0.23894
697 0 0.0 0.97305
698 0 1.0 0.31658
699 0 0.0 0.67767
700 0 1.0 0.2893
701 0 1.0 0.00022
702 0 1.0 1e-05
703 0 1.0 1e-09
704 0 1.0 0.00047
705 0 1.0 1e-09
706 0 0.0 0.99999
707 0 0.0 0.99995
708 0 0.0 0.99998
709 0 0.0 0.99999
710 0 0.0 0.99999
711 0 1.0 0.00523
712 0 1.0 0.26311
713 0 0.0 0.61759
714 0 0.0 0.99988
715 0 0.0 0.99999
716 0 1.0 7e-05
717 0 1.0 1e-09
718 0 1.0 1e-09
719 0 1.0 1e-09
720 0 1.0 1e-09
721 0 1.0 0.00158
722 0 1.0 1e-09
723 0 1.0 1e-05
724 0 1.0 0.01999
725 0 1.0 1e-09
726 0 1.0 0.00018
727 0 1.0 0.00027
728 0 1.0 2e-05
729 0 1.0 0.00019
730 0 1.0 1e-05
731 0 1.0 1e-09
732 0 1.0 1e-09
733 0 0.0 0.95115
734 0 0.0 0.5222
735 0 1.0 0.05016
736 0 1.0 1e-05
737 0 1.0 1e-09
738 0 1.0 0.03475
739 0 0.0 0.99983
740 0 0.0 0.99
741 0 1.0 0.0037
742 0 1.0 0.00721
743 0 0.0 0.84476
744 0 0.0 0.99789
745 0 0.0 0.99976
746 0 1.0 1e-05
747 0 1.0 1e-09
748 0 1.0 1e-09
749 0 1.0 1e-09
750 0 1.0 1e-09
751 0 1.0 0.00017
752 0 1.0 2e-05
753 0 1.0 0.00014
754 0 0.0 0.99979
755 0 0.0 0.99996
756 0 1.0 5e-05
757 0 1.0 0.00085
758 0 1.0 1e-09
759 0 1.0 1e-09
760 0 1.0 1e-09
761 0 1.0 5e-05
762 0 1.0 1e-09
763 0 1.0 1e-09
764 0 1.0 1e-09
765 0 1.0 1e-09
766 0 1.0 0.00012
767 0 1.0 1e-09
768 0 1.0 1e-09
769 0 0.0 0.99976
770 0 0.0 0.99928
771 0 1.0 1e-09
772 0 1.0 1e-05
773 0 0.0 0.97604
774 0 0.0 0.99988
775 0 0.0 0.99999
776 0 1.0 1e-05
777 0 1.0 1e-09
778 0 1.0 1e-09
779 0 1.0 0.00357
780 0 1.0 0.00025
781 0 1.0 0.0031
782 0 0.0 0.98033
783 0 0.0 0.65911
784 0 0.0 0.85188
785 0 0.0 0.96714
786 0 1.0 0.00185
787 0 1.0 0.00208
788 0 1.0 0.00079
789 0 1.0 0.00033
790 0 1.0 0.01254
791 0 1.0 0.00802
792 0 1.0 0.28053
793 0 1.0 0.02925
794 0 0.0 0.91814
795 0 0.0 0.96422
796 0 1.0 1e-09
797 0 1.0 1e-09
798 0 1.0 1e-09
799 0 1.0 1e-09
800 0 1.0 1e-09
801 0 1.0 4e-05
802 0 1.0 0.16186
803 0 0.0 0.82566
804 0 0.0 0.86204
805 0 0.0 0.96155
806 0 1.0 9e-05
807 0 1.0 1e-09
808 0 1.0 1e-09
809 0 1.0 1e-09
810 0 1.0 1e-09
811 0 1.0 1e-09
812 0 1.0 1e-09
813 0 1.0 1e-09
814 0 1.0 1e-09
815 0 1.0 0.01714
816 0 1.0 1e-05
817 0 1.0 1e-09
818 0 1.0 1e-09
819 0 0.0 0.88264
820 0 0.0 0.99485
821 0 1.0 0.0024
822 0 1.0 0.11381
823 0 1.0 0.16907
824 0 1.0 0.01172
825 0 0.0 0.50369
826 0 1.0 1e-09
827 0 1.0 2e-05
828 0 0.0 0.99737
829 0 0.0 0.99997
830 0 0.0 0.9998
831 0 1.0 0.00031
832 0 1.0 1e-09
833 0 1.0 1e-09
834 0 1.0 0.08787
835 0 0.0 0.99855
836 0 1.0 0.25094
837 0 1.0 0.10308
838 0 0.0 0.97631
839 0 0.0 0.99688
840 0 0.0 0.99915
841 0 1.0 0.0018
842 0 1.0 0.00011
843 0 1.0 1e-05
844 0 1.0 0.00014
845 1 0.0 0.11948
846 0 1.0 2e-05
847 0 1.0 1e-09
848 0 1.0 1e-09
849 0 1.0 1e-09
850 0 1.0 1e-09
851 0 1.0 0.33586
852 0 1.0 0.13877
853 0 0.0 0.99861
854 0 0.0 0.99996
855 0 0.0 0.99998
856 0 1.0 1e-09
857 0 1.0 0.00055
858 0 1.0 1e-09
859 0 1.0 1e-09
860 0 1.0 1e-09
861 0 1.0 9e-05
862 0 1.0 1e-09
863 0 1.0 1e-09
864 0 1.0 7e-05
865 0 1.0 2e-05
866 0 1.0 1e-09
867 0 1.0 1e-09
868 0 1.0 0.00041
869 0 0.0 0.94657
870 0 0.0 0.99896
871 0 1.0 1e-05
872 0 1.0 1e-09
873 0 1.0 1e-09
874 0 1.0 0.02306
875 0 1.0 5e-05
876 0 1.0 1e-05
877 0 1.0 1e-09
878 0 1.0 1e-09
879 0 1.0 1e-09
880 0 1.0 1e-09
881 0 1.0 0.00104
882 0 0.0 0.6669
883 1 1.0 0.98971
884 1 1.0 0.99896
885 1 1.0 0.99991
886 0 0.0 0.93857
887 0 1.0 0.26573
888 1 1.0 0.99999
889 1 1.0 0.99
890 1 1.0 0.99
891 0 1.0 0.00158
892 0 1.0 0.41515
893 0 0.0 0.80652
894 0 0.0 0.99856
895 0 0.0 0.99954
896 0 1.0 3e-05
897 0 1.0 0.00064
898 0 1.0 0.00014
899 0 1.0 0.00025
900 0 1.0 0.01436
901 0 1.0 1e-09
902 0 1.0 1e-09
903 0 1.0 1e-09
904 0 1.0 0.00012
905 0 1.0 1e-09
906 0 1.0 1e-05
907 0 1.0 1e-09
908 0 1.0 2e-05
909 0 1.0 1e-09
910 0 1.0 1e-09
911 0 1.0 2e-05
912 0 1.0 1e-09
913 0 0.0 0.73408
914 0 0.0 0.99717
915 0 0.0 0.99948
916 0 1.0 5e-05
917 0 1.0 1e-09
918 0 1.0 1e-09
919 0 1.0 1e-09
920 0 1.0 1e-09
921 0 1.0 7e-05
922 0 0.0 0.99954
923 1 1.0 0.99
924 1 1.0 0.99
925 1 1.0 0.99
926 0 1.0 1e-05
927 0 1.0 1e-09
928 0 1.0 0.044
929 0 1.0 0.16686
930 0 0.0 0.97663
931 0 1.0 6e-05
932 0 1.0 6e-05
933 0 1.0 0.0546
934 0 1.0 0.00152
935 0 1.0 0.00541
936 0 1.0 3e-05
937 0 1.0 1e-09
938 0 1.0 1e-09
939 0 1.0 1e-05
940 0 1.0 0.01232
941 0 1.0 1e-09
942 0 1.0 1e-09
943 0 1.0 1e-09
944 0 1.0 1e-09
945 0 1.0 6e-05
946 0 1.0 0.0001
947 0 1.0 8e-05
948 0 1.0 0.05146
949 0 0.0 0.9397
950 0 0.0 0.99989
951 0 0.0 0.88171
952 0 0.0 0.99458
953 0 0.0 0.99998
954 0 0.0 0.99
955 0 0.0 0.99
956 0 1.0 0.12451
957 0 1.0 0.00092
958 0 1.0 3e-05
959 0 1.0 1e-05
960 0 1.0 0.00034
961 0 1.0 1e-09
962 0 1.0 1e-09
963 0 1.0 1e-09
964 0 1.0 1e-05
965 0 1.0 4e-05
966 1 0.0 2e-05
967 1 0.0 1e-09
968 1 0.0 2e-05
969 1 0.0 0.0016
970 1 0.0 0.00461
971 0 1.0 1e-09
972 0 1.0 0.00097
973 0 0.0 0.97677
974 1 1.0 0.99
975 1 1.0 0.99
976 0 1.0 4e-05
977 0 1.0 0.23798
978 0 1.0 0.00244
979 0 1.0 0.00192
980 0 1.0 0.44828
981 0 1.0 1e-05
982 0 1.0 1e-09
983 0 0.0 0.99988
984 0 0.0 0.99
985 0 0.0 0.99
986 0 1.0 0.00049
987 0 1.0 1e-09
988 0 1.0 1e-09
989 0 1.0 1e-09
990 0 1.0 6e-05
991 0 1.0 1e-09
992 0 0.0 0.99644
993 0 0.0 0.9997
994 0 0.0 0.99996
995 0 0.0 0.99
996 0 0.0 0.97295
997 0 0.0 0.99395
998 0 0.0 0.99979
999 0 0.0 0.99999
1000 0 0.0 0.99
1001 0 1.0 0.00022
1002 0 1.0 1e-09
1003 0 1.0 1e-09
1004 0 1.0 1e-09
1005 0 1.0 1e-09
1006 0 1.0 0.00061
1007 0 1.0 0.00035
1008 0 1.0 1e-09
1009 0 1.0 1e-09
1010 0 1.0 1e-09
1011 0 1.0 3e-05
1012 0 1.0 1e-09
1013 0 1.0 1e-09
1014 0 1.0 4e-05
1015 0 1.0 1e-05
1016 0 1.0 0.00054
1017 0 1.0 0.00025
1018 0 1.0 0.00637
1019 0 1.0 1e-09
1020 0 1.0 1e-05
1021 0 1.0 0.01005
1022 0 1.0 0.00568
1023 0 1.0 0.00081
1024 0 1.0 0.00012
1025 0 1.0 1e-09
1026 0 1.0 1e-09
1027 0 1.0 1e-09
1028 0 1.0 1e-09
1029 0 1.0 0.00852
1030 0 0.0 0.99977
1031 0 1.0 1e-05
1032 0 1.0 0.03202
1033 0 1.0 4e-05
1034 0 0.0 0.99952
1035 0 0.0 0.99464
1036 0 1.0 3e-05
1037 0 1.0 1e-09
1038 0 1.0 1e-09
1039 0 1.0 1e-09
1040 0 1.0 1e-09
1041 0 1.0 0.26368
1042 0 0.0 0.99199
1043 0 0.0 0.99992
1044 0 0.0 0.99998
1045 0 0.0 0.99
1046 0 1.0 1e-09
1047 0 1.0 0.00083
1048 0 1.0 0.00593
1049 0 1.0 1e-09
1050 0 1.0 1e-05
1051 0 1.0 0.00013
1052 0 1.0 0.00045
1053 0 1.0 0.00185
1054 0 0.0 0.98842
1055 0 0.0 0.9982
1056 0 1.0 1e-09
1057 0 1.0 0.04347
1058 0 0.0 0.98798
1059 0 0.0 0.99474
1060 0 0.0 0.99861
1061 0 1.0 1e-09
1062 0 1.0 1e-09
1063 0 1.0 1e-09
1064 0 1.0 1e-09
1065 0 1.0 1e-09
1066 0 1.0 1e-05
1067 0 1.0 3e-05
1068 0 1.0 1e-09
1069 0 1.0 1e-09
1070 0 1.0 1e-09
1071 0 1.0 1e-09
1072 0 1.0 1e-09
1073 0 1.0 1e-09
1074 0 1.0 0.42396
1075 0 0.0 0.993
1076 0 1.0 0.02057
1077 0 1.0 0.00076
1078 0 1.0 0.00116
1079 0 1.0 1e-09
1080 0 1.0 1e-09
1081 0 1.0 2e-05
1082 1 1.0 0.99
1083 1 1.0 0.99999
1084 1 1.0 0.99
1085 1 1.0 0.99
1086 0 1.0 0.0015
1087 0 1.0 0.00127
1088 0 1.0 0.43548
1089 0 0.0 0.63026
1090 0 0.0 0.59883
1091 0 0.0 0.94462
1092 0 1.0 0.29524
1093 0 1.0 0.24136
1094 0 0.0 0.99686
1095 0 0.0 0.99
1096 0 1.0 1e-05
1097 0 0.0 0.99
1098 0 0.0 0.99
1099 0 0.0 0.99
1100 0 0.0 0.99
1101 0 1.0 0.00016
1102 0 1.0 0.00063
1103 0 1.0 5e-05
1104 0 1.0 0.02152
1105 0 0.0 0.92044
1106 0 1.0 0.21047
1107 0 1.0 0.03928
1108 0 0.0 0.8666
1109 0 0.0 0.69402
1110 0 1.0 0.19721
1111 0 0.0 0.70552
1112 0 0.0 0.99998
1113 0 0.0 0.99
1114 0 0.0 0.99
1115 0 0.0 0.99
1116 0 1.0 6e-05
1117 0 1.0 0.00205
1118 0 1.0 1e-05
1119 0 1.0 1e-09
1120 0 1.0 0.00029
1121 0 1.0 9e-05
1122 0 1.0 1e-09
1123 0 1.0 1e-09
1124 0 0.0 0.96367
1125 0 1.0 0.43036
1126 0 1.0 4e-05
1127 0 1.0 0.35198
1128 0 1.0 0.00684
1129 0 1.0 0.2457
1130 0 1.0 0.07466
1131 0 1.0 1e-09
1132 0 1.0 1e-09
1133 0 1.0 1e-09
1134 0 1.0 1e-09
1135 0 1.0 1e-09
1136 0 1.0 1e-09
1137 0 1.0 2e-05
1138 0 1.0 1e-09
1139 0 1.0 3e-05
1140 0 1.0 1e-09
1141 0 1.0 1e-09
1142 0 1.0 0.00228
1143 0 1.0 0.00089
1144 0 1.0 0.00017
1145 0 1.0 1e-09
1146 0 1.0 4e-05
1147 0 1.0 0.17212
1148 0 1.0 1e-05
1149 0 1.0 2e-05
1150 0 1.0 1e-09
1151 0 1.0 1e-05
1152 0 1.0 0.00129
1153 0 0.0 0.89444
1154 0 0.0 0.99992
1155 0 0.0 0.99981
1156 0 1.0 0.00016
1157 0 1.0 0.00025
1158 0 1.0 0.00043
1159 0 1.0 0.00017
1160 0 1.0 1e-05
1161 0 1.0 3e-05
1162 0 1.0 1e-09
1163 0 1.0 1e-09
1164 0 1.0 1e-09
1165 0 1.0 1e-09
1166 0 1.0 1e-09
1167 0 1.0 3e-05
1168 0 1.0 0.49769
1169 0 1.0 0.46701
1170 0 1.0 0.11938
1171 0 1.0 1e-09
1172 0 1.0 5e-05
1173 0 1.0 1e-05
1174 0 1.0 0.0002
1175 0 1.0 0.00012
1176 0 1.0 0.0009
1177 0 1.0 1e-09
1178 0 1.0 1e-09
1179 0 1.0 1e-09
1180 0 1.0 0.00013
1181 0 1.0 1e-09
1182 0 1.0 1e-09
1183 0 1.0 0.1271
1184 0 0.0 0.99961
1185 0 0.0 0.99996
1186 0 1.0 0.00654
1187 0 1.0 0.00016
1188 0 1.0 1e-09
1189 0 1.0 1e-09
1190 0 1.0 1e-09
1191 0 1.0 0.15684
1192 0 0.0 0.77412
1193 0 0.0 0.98125
1194 0 0.0 0.99861
1195 0 0.0 0.99991
1196 0 1.0 0.00558
1197 0 1.0 0.00565
1198 0 1.0 1e-09
1199 0 1.0 1e-09
1200 0 1.0 1e-09
1201 0 1.0 3e-05
1202 0 1.0 3e-05
1203 0 1.0 1e-09
1204 0 1.0 0.00031
1205 0 1.0 1e-09
1206 0 1.0 1e-09
1207 0 1.0 1e-09
1208 0 1.0 1e-09
1209 0 1.0 6e-05
1210 0 1.0 0.00042
1211 0 1.0 1e-09
1212 0 1.0 1e-09
1213 0 1.0 1e-09
1214 0 1.0 0.00014
1215 0 0.0 0.88996
1216 0 1.0 0.00052
1217 0 0.0 0.99
1218 0 0.0 0.99
1219 0 0.0 0.99
1220 0 0.0 0.99998
1221 0 1.0 1e-09
1222 0 1.0 1e-09
1223 0 1.0 1e-09
1224 0 1.0 1e-09
1225 0 1.0 1e-09
1226 0 1.0 2e-05
1227 0 1.0 1e-09
1228 0 1.0 1e-09
1229 0 1.0 1e-09
1230 0 1.0 1e-09
1231 0 0.0 0.9658
1232 0 0.0 0.99849
1233 0 0.0 0.99992
1234 0 0.0 0.99
1235 0 0.0 0.99
1236 0 1.0 1e-09
1237 0 1.0 1e-09
1238 0 1.0 1e-09
1239 0 1.0 1e-09
1240 0 1.0 0.46805
1241 0 1.0 1e-09
1242 0 1.0 5e-05
1243 0 1.0 4e-05
1244 0 1.0 0.00133
1245 0 0.0 0.89106
1246 0 0.0 0.99931
1247 0 0.0 0.99
1248 0 0.0 0.99
1249 0 0.0 0.99
1250 0 0.0 0.99
1251 0 1.0 1e-09
1252 0 1.0 1e-09
1253 0 1.0 1e-09
1254 0 1.0 1e-09
1255 0 1.0 1e-09
1256 0 1.0 2e-05
1257 0 1.0 1e-09
1258 0 1.0 1e-09
1259 0 1.0 1e-09
1260 0 1.0 1e-09
1261 0 1.0 0.00032
1262 0 1.0 0.10185
1263 0 1.0 0.22962
1264 0 0.0 0.99922
1265 0 0.0 0.99994
1266 0 1.0 1e-09
1267 0 1.0 1e-09
1268 0 1.0 1e-09
1269 0 1.0 1e-09
1270 0 1.0 1e-09
1271 0 0.0 0.99986
1272 1 1.0 0.99
1273 1 1.0 0.99
1274 1 1.0 0.99
1275 1 1.0 0.99
1276 0 1.0 8e-05
1277 0 1.0 1e-09
1278 0 1.0 1e-09
1279 0 1.0 0.06189
1280 0 1.0 0.00033
1281 0 1.0 1e-09
1282 0 1.0 1e-09
1283 0 1.0 0.36864
1284 0 0.0 0.64925
1285 0 0.0 0.99982
1286 0 1.0 3e-05
1287 0 1.0 1e-09
1288 0 1.0 1e-09
1289 0 1.0 1e-09
1290 0 1.0 1e-09
1291 0 0.0 0.99
1292 0 0.0 0.99999
1293 0 0.0 0.99
1294 0 0.0 0.99
1295 0 0.0 0.99
1296 0 1.0 1e-09
1297 0 1.0 1e-09
1298 0 1.0 1e-09
1299 0 1.0 1e-09
1300 0 1.0 1e-09
1301 0 1.0 1e-09
1302 0 1.0 1e-09
1303 0 1.0 1e-09
1304 0 1.0 1e-09
1305 0 1.0 1e-05
1306 0 1.0 2e-05
1307 0 1.0 1e-09
1308 0 1.0 1e-09
1309 0 1.0 0.00873
1310 0 1.0 1e-05
1311 0 1.0 9e-05
1312 0 0.0 0.99998
1313 0 0.0 0.99
1314 0 0.0 0.99996
1315 0 0.0 0.99999
1316 0 1.0 1e-09
1317 0 1.0 0.07521
1318 0 1.0 0.15782
1319 0 1.0 0.08504
1320 0 1.0 0.05208
1321 0 1.0 0.00025
1322 0 1.0 1e-09
1323 0 1.0 1e-09
1324 0 1.0 1e-09
1325 0 1.0 2e-05
1326 0 1.0 0.00153
1327 0 0.0 0.99034
1328 0 0.0 0.93406
1329 0 0.0 0.98568
1330 0 0.0 0.98834
1331 0 1.0 0.23274
1332 0 0.0 0.99485
1333 0 0.0 0.99
1334 0 0.0 0.99
1335 0 0.0 0.99
1336 0 0.0 0.99
1337 0 0.0 0.99
1338 0 0.0 0.99
1339 0 0.0 0.99
1340 0 0.0 0.99
1341 0 1.0 6e-05
1342 0 1.0 0.00321
1343 0 0.0 0.99998
1344 0 0.0 0.99
1345 0 0.0 0.99
1346 0 1.0 6e-05
1347 0 1.0 1e-09
1348 0 1.0 1e-09
1349 0 1.0 0.0033
1350 0 1.0 1e-05
1351 0 1.0 1e-09
1352 0 1.0 1e-09
1353 0 1.0 1e-09
1354 0 1.0 1e-09
1355 0 1.0 1e-09
1356 0 1.0 0.00087
1357 0 1.0 0.00061
1358 0 1.0 0.00195
1359 0 1.0 1e-09
1360 0 1.0 1e-09
1361 0 0.0 0.98074
1362 0 0.0 0.96207
1363 0 0.0 0.9551
1364 0 0.0 0.83762
1365 0 1.0 0.49345
1366 0 1.0 1e-09
1367 0 1.0 2e-05
1368 0 1.0 1e-09
1369 0 1.0 1e-09
1370 0 1.0 1e-09
1371 0 1.0 1e-05
1372 0 1.0 1e-09
1373 0 1.0 0.23708
1374 0 0.0 0.99631
1375 0 0.0 0.99952
1376 0 1.0 0.21571
1377 0 1.0 0.00852
1378 0 1.0 0.00101
1379 0 1.0 8e-05
1380 0 1.0 0.00051
1381 0 1.0 6e-05
1382 0 1.0 1e-05
1383 0 1.0 1e-09
1384 0 1.0 1e-09
1385 0 1.0 1e-09
1386 0 1.0 0.00035
1387 0 1.0 1e-09
1388 0 1.0 0.00042
1389 0 1.0 1e-09
1390 0 1.0 8e-05
1391 0 1.0 0.10182
1392 0 0.0 0.94433
1393 0 0.0 0.99
1394 0 0.0 0.99
1395 0 0.0 0.99
1396 0 1.0 1e-05
1397 0 1.0 1e-09
1398 0 1.0 0.00113
1399 0 1.0 0.00053
1400 0 1.0 0.00016
1401 0 1.0 1e-09
1402 0 1.0 1e-09
1403 0 1.0 1e-09
1404 0 1.0 1e-09
1405 0 1.0 1e-09
1406 0 1.0 2e-05
1407 0 1.0 9e-05
1408 0 1.0 4e-05
1409 0 1.0 1e-09
1410 0 1.0 1e-09
1411 0 1.0 1e-09
1412 0 1.0 1e-09
1413 0 1.0 1e-09
1414 0 1.0 0.00023
1415 0 1.0 1e-05
1416 0 1.0 1e-09
1417 0 1.0 1e-09
1418 0 1.0 7e-05
1419 0 1.0 0.01972
1420 0 0.0 0.99826
1421 0 1.0 0.00042
1422 0 1.0 0.10732
1423 0 0.0 0.98855
1424 0 0.0 0.99782
1425 0 0.0 0.99972
1426 0 1.0 0.2485
1427 0 1.0 0.00744
1428 0 1.0 0.00353
1429 0 0.0 0.99888
1430 0 0.0 0.99
1431 0 1.0 1e-09
1432 0 1.0 1e-09
1433 0 1.0 1e-09
1434 0 1.0 1e-09
1435 0 1.0 1e-09
1436 0 1.0 0.00097
1437 0 1.0 3e-05
1438 0 1.0 1e-09
1439 0 1.0 1e-09
1440 0 1.0 1e-09
1441 0 1.0 0.48542
1442 0 0.0 0.99757
1443 0 0.0 0.99911
1444 0 0.0 0.99988
1445 0 0.0 0.99991
1446 0 1.0 0.0039
1447 0 1.0 0.00049
1448 0 1.0 1e-09
1449 0 1.0 1e-09
1450 0 1.0 1e-09
1451 0 1.0 3e-05
1452 0 0.0 0.73438
1453 0 1.0 0.07712
1454 0 1.0 0.03283
1455 0 1.0 0.00429
1456 0 0.0 0.99877
1457 0 0.0 0.97406
1458 0 0.0 0.93249
1459 0 0.0 0.99227
1460 0 0.0 0.99636
1461 0 1.0 0.00029
1462 0 1.0 1e-09
1463 0 1.0 1e-05
1464 0 1.0 1e-09
1465 0 1.0 1e-09
1466 0 1.0 1e-09
1467 0 1.0 1e-09
1468 0 1.0 1e-09
1469 0 1.0 1e-09
1470 0 1.0 1e-09
1471 0 1.0 1e-05
1472 0 1.0 0.39695
1473 0 1.0 0.13791
1474 0 0.0 0.99549
1475 0 0.0 0.99957
1476 0 1.0 0.00015
1477 0 1.0 1e-09
1478 0 0.0 0.99981
1479 0 0.0 0.99413
1480 0 0.0 0.99703
1481 0 1.0 0.00859
1482 0 0.0 0.9989
1483 0 0.0 0.9965
1484 0 0.0 0.99939
1485 0 0.0 0.9998
1486 0 1.0 1e-05
1487 0 1.0 1e-09
1488 0 1.0 0.03548
1489 1 1.0 0.99815
1490 1 1.0 0.99994
1491 0 1.0 1e-09
1492 0 1.0 1e-09
1493 0 1.0 1e-09
1494 0 1.0 1e-09
1495 0 1.0 1e-09
1496 0 1.0 6e-05
1497 0 1.0 1e-09
1498 0 1.0 1e-09
1499 0 1.0 1e-09
1500 0 1.0 1e-05
1501 0 1.0 2e-05
1502 0 1.0 0.01756
1503 0 0.0 0.57972
1504 0 1.0 0.01154
1505 0 1.0 0.00211
1506 0 1.0 0.00014
1507 0 1.0 1e-09
1508 0 0.0 0.54633
1509 0 0.0 0.77952
1510 0 0.0 0.97857
1511 0 1.0 1e-09
1512 0 1.0 1e-05
1513 0 1.0 1e-09
1514 0 1.0 1e-09
1515 0 1.0 0.0919
1516 0 1.0 0.00091
1517 0 1.0 3e-05
1518 0 0.0 0.99999
1519 0 0.0 0.99967
1520 0 0.0 0.99
1521 0 1.0 1e-09
1522 0 1.0 1e-09
1523 0 1.0 1e-09
1524 0 1.0 1e-09
1525 0 1.0 0.00078
1526 0 1.0 1e-05
1527 0 0.0 0.99
1528 0 0.0 0.99
1529 0 0.0 0.99999
1530 0 0.0 0.99
1531 0 1.0 0.00075
1532 0 1.0 0.00101
1533 0 1.0 0.11207
1534 0 1.0 0.27645
1535 0 1.0 0.14632
1536 0 1.0 0.14797
1537 0 1.0 0.00041
1538 0 1.0 1e-05
1539 0 1.0 0.00034
1540 0 1.0 0.0006
1541 0 1.0 0.00011
1542 0 1.0 1e-05
1543 0 1.0 1e-09
1544 0 1.0 1e-09
1545 0 1.0 1e-09
1546 0 1.0 1e-05
1547 0 1.0 1e-09
1548 0 1.0 1e-09
1549 0 1.0 1e-09
1550 0 0.0 0.99879
1551 0 1.0 1e-09
1552 0 1.0 1e-09
1553 0 0.0 0.77868
1554 0 1.0 0.30155
1555 0 0.0 0.99935
1556 0 1.0 0.0011
1557 0 0.0 0.99907
1558 0 0.0 0.99916
1559 0 0.0 0.99
1560 0 0.0 0.99
1561 0 0.0 0.99849
1562 0 0.0 0.84208
1563 0 1.0 0.37864
1564 0 1.0 0.05605
1565 0 1.0 0.00405
1566 0 1.0 5e-05
1567 0 1.0 6e-05
1568 0 1.0 1e-09
1569 0 1.0 1e-09
1570 0 1.0 1e-09
1571 0 1.0 0.00015
1572 0 1.0 0.02658
1573 0 0.0 0.99848
1574 0 0.0 0.99
1575 0 0.0 0.99
1576 0 1.0 6e-05
1577 0 1.0 3e-05
1578 0 1.0 2e-05
1579 0 1.0 1e-09
1580 0 1.0 1e-09
1581 0 1.0 0.00181
1582 0 1.0 0.00522
1583 0 1.0 0.00121
1584 0 1.0 0.00079
1585 0 1.0 0.00021
1586 0 1.0 0.0133
1587 0 1.0 0.00559
1588 0 0.0 0.99193
1589 0 0.0 0.99998
1590 0 0.0 0.99999
1591 0 1.0 1e-09
1592 0 1.0 1e-09
1593 0 1.0 1e-05
1594 0 1.0 0.00131
1595 0 0.0 0.99118
1596 0 1.0 0.00172
1597 0 1.0 0.01763
1598 0 1.0 1e-09
1599 0 1.0 1e-05
1600 0 1.0 1e-09
1601 0 1.0 3e-05
1602 0 1.0 9e-05
1603 0 1.0 0.00019
1604 0 1.0 1e-09
1605 0 1.0 0.00019
1606 0 1.0 1e-09
1607 0 1.0 8e-05
1608 0 1.0 1e-09
1609 0 1.0 1e-09
1610 0 1.0 1e-09
1611 0 1.0 1e-09
1612 0 1.0 1e-09
1613 0 1.0 1e-09
1614 0 1.0 1e-09
1615 0 1.0 1e-09
1616 0 1.0 0.00013
1617 0 1.0 0.01235
1618 0 1.0 0.00048
1619 0 1.0 0.00072
1620 0 1.0 0.00899
1621 0 1.0 0.16275
1622 0 0.0 0.99865
1623 0 0.0 0.99991
1624 0 0.0 0.99999
1625 0 0.0 0.99999
1626 0 1.0 5e-05
1627 0 1.0 0.36934
1628 0 0.0 0.99995
1629 0 0.0 0.99999
1630 0 0.0 0.99
1631 0 1.0 1e-09
1632 0 1.0 1e-09
1633 0 1.0 1e-09
1634 0 1.0 1e-09
1635 0 1.0 1e-09
1636 0 1.0 2e-05
1637 0 0.0 0.99
1638 0 0.0 0.99996
1639 0 0.0 0.99
1640 0 0.0 0.99
1641 0 1.0 1e-09
1642 0 1.0 1e-09
1643 0 1.0 1e-09
1644 0 1.0 1e-09
1645 0 1.0 1e-09
1646 0 1.0 7e-05
1647 0 1.0 0.01419
1648 0 1.0 0.32503
1649 0 1.0 0.01618
1650 0 1.0 0.05394
1651 0 1.0 0.00161
1652 0 1.0 0.00067
1653 0 1.0 1e-05
1654 0 1.0 1e-09
1655 0 1.0 0.00049
1656 0 1.0 1e-09
1657 0 1.0 0.13742
1658 0 1.0 0.00902
1659 0 0.0 0.76923
1660 0 1.0 0.30217
1661 0 1.0 0.02309
1662 0 0.0 0.96524
1663 0 0.0 0.9965
1664 0 0.0 0.99453
1665 0 0.0 0.98838
1666 0 1.0 1e-05
1667 0 1.0 1e-09
1668 0 1.0 0.0001
1669 0 1.0 0.12444
1670 0 0.0 0.912
1671 0 1.0 1e-05
1672 0 1.0 0.00498
1673 0 1.0 3e-05
1674 0 0.0 0.95053
1675 0 0.0 0.97757
1676 0 1.0 1e-09
1677 0 1.0 1e-09
1678 0 0.0 0.99862
1679 0 0.0 0.99
1680 0 0.0 0.99
1681 0 1.0 4e-05
1682 0 1.0 0.00095
1683 0 1.0 0.00012
1684 0 1.0 0.00297
1685 0 1.0 0.02143
1686 0 1.0 1e-09
1687 0 1.0 1e-09
1688 0 1.0 1e-09
1689 0 1.0 1e-09
1690 0 1.0 1e-09
1691 0 1.0 1e-09
1692 0 1.0 1e-09
1693 0 1.0 0.00013
1694 0 1.0 0.0012
1695 0 1.0 4e-05
1696 0 1.0 0.01519
1697 0 1.0 0.00531
1698 0 1.0 0.07123
1699 0 1.0 0.07224
1700 0 1.0 0.06935
1701 0 1.0 1e-09
1702 0 1.0 0.42843
1703 0 1.0 0.00143
1704 0 1.0 0.00031
1705 0 1.0 2e-05
1706 0 1.0 0.00371
1707 0 1.0 0.00038
1708 0 0.0 0.99953
1709 0 0.0 0.99994
1710 0 0.0 0.99
1711 0 1.0 1e-09
1712 0 1.0 1e-09
1713 0 1.0 1e-09
1714 0 1.0 1e-09
1715 0 1.0 1e-09
1716 0 1.0 0.0006
1717 0 1.0 0.4432
1718 0 0.0 0.99481
1719 0 0.0 0.9994
1720 0 0.0 0.99999
1721 0 0.0 0.99
1722 0 0.0 0.99
1723 0 0.0 0.99
1724 0 0.0 0.99
1725 0 0.0 0.99
1726 0 1.0 2e-05
1727 0 1.0 0.08853
1728 1 1.0 0.99999
1729 1 1.0 0.99
1730 1 1.0 0.99
1731 0 1.0 0.00024
1732 0 1.0 1e-09
1733 0 1.0 1e-09
1734 0 1.0 1e-09
1735 0 1.0 1e-09
1736 0 1.0 0.01685
1737 0 1.0 1e-09
1738 0 1.0 1e-09
1739 0 1.0 1e-09
1740 0 1.0 1e-09
